50 open M1
0.010828684; 0.010654221; 0.008507186; 0.011930242; 0.0117615
50 open M5
0.005057964; 0.006603626; 0.011848824; 0.004165055; 0.007696012
50 open M10
0.006222617; 0.007899939; 0.007491366; 0.006121218; 0.005500949
50 open M13
0.005836688; 0.009128572; 0.007007196; 0.005144616; 0.006200138

100 open M1
0.015997366; 0.026797535; 0.013734995; 0.016532962; 0.022279763
100 open M5
0.007272482; 0.0084906; 0.007743156; 0.009776797; 0.008601812
100 open M10
0.006189335; 0.005606748; 0.007037356; 0.00718689; 0.007705607
100 open M13
0.009266779; 0.004944126; 0.008722052; 0.008337706; 0.005697531

200 open M1
0.03724689; 0.024238565; 0.032791722; 0.03798611; 0.030388699
200 open M5
0.010524179; 0.011945457; 0.010748372; 0.01043862; 0.014262509
200 open M10
0.005639234; 0.009197154; 0.01005488; 0.006810468; 0.006346312
200 open M13
0.008267366; 0.008499293; 0.008551954; 0.008103322; 0.00800042

300 open M1
0.040557996; 0.04809479; 0.03758808; 0.040125567; 0.044904433
300 open M5
0.006096974; 0.01362407; 0.007494334; 0.008944475; 0.013262821
300 open M10
0.007619378; 0.01091439; 0.009504809; 0.00950202; 0.009735489
300 open M13
0.008961184; 0.008324866; 0.012536356; 0.006825856; 0.01010713


50 close M1
0.001293543; 0.001909069; 0.002233849; 0.001755885; 0.001213197
50 close M5
0.006013216; 0.005713134; 0.004023249; 0.005222046; 0.004820511
50 close M10
0.006202931; 0.006038948; 0.006662634; 0.005029567; 0.007274244
50 close M13
0.005431098; 0.006657595; 0.005682768; 0.004682856; 0.004868773

100 close M1
0.005041653; 0.005146319; 0.006169075; 0.005044777; 0.006988896
100 close M5
0.007146139; 0.00586355; 0.007315208; 0.007081768; 0.00392145
100 close M10
0.006676349; 0.005378367; 0.006646362; 0.007457333; 0.006525726
100 close M13
0.006130453; 0.006524929; 0.007539333; 0.005715641; 0.006351783

200 close M1
0.007503418; 0.008106406; 0.007683987; 0.009801137; 0.008942966
200 close M5
0.011879495; 0.01155619; 0.009443896; 0.010701436; 0.006414771
200 close M10
0.009991521; 0.00975132; 0.008458476; 0.009548231; 0.009997006
200 close M13
0.006091889; 0.007216139; 0.008514912; 0.007691136; 0.009011511

300 close M1
0.013529082; 0.011302967; 0.018676576; 0.010921135; 0.010993694
300 close M5
0.01676316; 0.017274869; 0.00707851; 0.00904114; 0.014909494
300 close M10
0.016024809; 0.011447949; 0.012337835; 0.011380299; 0.007390221
300 close M13
0.008980247; 0.010481137; 0.011592334; 0.008971943; 0.007764763